0 0.8793103448275862 0.8092485549132948 0.20689655172413793 0.2774566473988439
0 0.6413793103448275 0.8294797687861272 0.21379310344827587 0.27167630057803466
0 0.4 0.8208092485549133 0.21379310344827587 0.28901734104046245
0 0.16034482758620688 0.8208092485549133 0.21724137931034482 0.2658959537572254
0 0.15689655172413794 0.5115606936416185 0.19655172413793104 0.27167630057803466
0 0.3913793103448276 0.49710982658959535 0.20344827586206896 0.2543352601156069
0 0.6362068965517241 0.5 0.19655172413793104 0.27167630057803466
0 0.8913793103448275 0.4595375722543353 0.20344827586206896 0.2832369942196532
0 0.8758620689655172 0.15895953757225434 0.2 0.3179190751445087
0 0.3724137931034483 0.18208092485549132 0.2 0.26011560693641617
0 0.1310344827586207 0.1907514450867052 0.2 0.31213872832369943
0 0.603448275862069 0.18497109826589594 0.2620689655172414 0.3236994219653179
