0 0.8527272727272728 0.907103825136612 0.22181818181818183 0.17486338797814208
0 0.6309090909090909 0.9098360655737705 0.19272727272727272 0.15846994535519127
0 0.4090909090909091 0.7076502732240437 0.1709090909090909 0.21311475409836064
0 0.610909090909091 0.6885245901639344 0.2109090909090909 0.15300546448087432
0 0.8545454545454545 0.6994535519125683 0.26181818181818184 0.19672131147540983
0 0.25272727272727274 0.46994535519125685 0.18545454545454546 0.16393442622950818
0 0.28545454545454546 0.8825136612021858 0.16363636363636364 0.18032786885245902
0 0.6963636363636364 0.45081967213114754 0.1709090909090909 0.15846994535519127
0 0.7781818181818182 0.24863387978142076 0.2109090909090909 0.18032786885245902
0 0.2963636363636364 0.273224043715847 0.15636363636363637 0.13114754098360656
0 0.08545454545454545 0.10655737704918032 0.16363636363636364 0.18032786885245902
